


(389, 371, 225)
(380, 649, 199)
(281, 359, 303)
(509, 366, 303)
(387, 440, 269)
-------------------------------------------------------------------------------------------------
以center为中心的坐标[378.3861815  376.70898289 350.90726257]
以center为中心的坐标[378.85087482 656.06678941 350.90726257]
以center为中心的坐标[486.70356472 360.80703113 274.05368476]
以center为中心的坐标[258.59613389 360.80703113 274.05368476]
以center为中心的坐标[378.26781622 441.34313516 300.67368466]

(0.035509584104801206),(-19.390245680505192),(15.070073374708118)
(0.17491758096072088),(64.4170962735886),(15.070073374708118)
(32.53072454934828),(-24.160831210406702),(-7.985999969738691)
(-35.90150469974166),(-24.160831210406684),(-7.985999969738691)
(2.619655134410641),(-0.4029405487487054),(-9.502105397204303)

--------------------------------------------------------------------------------------------------
以SR为中心的坐标[387.11836528 375.36584773 319.23357792]
以SR为中心的坐标[387.5830586  654.72365425 319.23357792]
以SR为中心的坐标[495.4357485  359.46389597 242.3800001 ]
以SR为中心的坐标[267.32831767 359.46389597 242.3800001 ]
以SR为中心的坐标[387. 440. 269]

(2.6551647185154423),(-19.793186229253898),(5.567967977503815)
(2.7945727153713618),(64.01415572483991),(5.567967977503798)
(35.15037968375892),(-24.563771759155404),(-17.488105366942992)
(-33.281849565331015),(-24.56377175915539),(-17.488105366942992)
(0, 0, 0)